510
254
262
6
698
10
10
3
3
14
5
7
477
7
5
7
11
9
3
6
2
4
2
21
2
4
3
2
9
17
4
3
2
3
17
3
3
2
3
3
7
2
3
3
3
4
4
3
26
2
4
4
8
3
2
4
3
2
21
4
2
1
3
8
4
2
3
2
6
6
3
3
30
2
4
7
18
10
12
1
7
3
4
3
2
4
3
9
4
3
6
3
4
2
4
3
2
8
3
7
3
15
8
3
43
3
2
10
3
2
11
4
12
2
5
11
9
7
4
9
2
5
2
3
2
2
2
3
2
26
21
4
29
4
2
6
8
6
3
4
11
5
2
3
2
1
13
3
3
3
3
2
4
2
3
13
4
5
2
12
3
3
3
11
7
8
4
3
25
4
6
3
16
14
3
2
7
4
9
7
2
23
3
13
5
4
4
9
5
4
3
6
10
3
11
13
11
3
3
3
4
6
3
6
2
7
3
6
10
7
15
6
3
14
44
5
5
9
4
7
3
4
18
3
4
3
4
16
38
3
6
4
4
5
6
8
6
42
20
4
3
9
3
14
5
194
3
12
9
8
20
4
7
3
4
55
3
4
4
6
5
5
9
6
3
21
11
12
2
6
6
12
8
3
30
3
7
4
2
14
5
12
13
5
2
19
1
7
3
4
18
13
8
3
13
9
5
38
2
2
4
6
11
26
3
8
2
5
15
15
17
5
3
55
3
4
4
6
5
3
6
4
4
4
9
3
4
9
7
3
16
7
2
13
9
7
23
2
5
5
17
4
3
61
4
17
4
2
2
9
7
24
5
10
12
2
21
3
6
2
4
5
3
4
5
4
2
24
5
15
6
5
6
4
8
5
3
2
4
41
3
5
11
6
33
4
3
5
4
4
12
2
3
5
8
4
10
8
5
3
18
4
3
6
13
7
33
4
3
4
15
5
4
2
3
4
4
10
5
2
4
5
7
4
205
4
7
4
2
22
4
4
2
38
6
12
9
10
19
4
7
19
3
5
25
7
2
9
3
5
4
9
12
13
3
2
18
3
19
7
4
34
3
4
14
3
2
8
12
3
2
14
9
4
3
26
3
3
4
3
5
11
11
3
2
18
4
3
15
6
19
4
2
4
17
4
3
6
6
8
4
5
3
4
6
16
6
2
4
32
3
3
3
13
2
15
5
17
4
15
4
10
3
7
7
12
4
4
7
18
2
5
4
7
3
3
2
2
11
27
13
17
5
2
8
24
58
24
42
2
4
4
6
5
5
3
7
20
3
2
4
18
4
4
7
4
2
4
12
4
5
2
6
5
3
5
37
5
31
2
6
27
19
21
3
10
5
15
12
9
4
4
4
21
2
48
4
4
2
32
2
5
15
2
3
2
6
4
3
4
5
4
2
3
3
9
4
4
3
5
5
6
3
32
5
2
8
7
5
6
3
3
4
27
21
5
22
13
13
5
5
9
5
4
8
3
257
4
2
2
3
21
4
3
22
15
4
4
3
4
3
5
5
6
9
8
5
6
5
6
4
3
5
13
12
4
2
2
51
2
3
4
6
14
4
4
14
4
2
50
5
14
4
5
3
7
7
4
16
4
3
3
3
2
6
4
4
7
6
15
45
13
5
13
2
14
3
6
4
3
7
2
15
10
48
5
4
4
11
4
17
3
4
2
4
4
6
3
19
18
7
15
17
6
16
14
29
9
2
14
5
4
4
4
14
8
26
18
5
16
2
4
21
7
5
15
3
2
16
3
31
3
4
5
5
7
20
4
2
8
4
4
3
25
4
4
2
8
3
30
3
3
4
4
4
6
21
3
14
2
4
6
3
17
4
4
2
4
4
3
19
5
7
2
19
3
10
17
22
25
6
2
42
4
7
4
16
4
2
15
19
37
16
3
3
3
3
4
4
26
17
43
5
5
24
2
5
29
9
2
6
3
6
8
15
3
6
18
2
6
17
18
361
3
19
6
5
4
2
17
2
4
2
4
23
3
5
2
5
3
2
18
16
7
15
158
4
6
9
6
15
3
16
18
115
8
5
4
2
2
4
5
12
5
4
4
4
98
15
2
4
15
26
17
4
2
49
2
9
2
18
3
3
3
5
21
4
5
4
16
4
2
8
5
4
6
4
5
2
4
2
3
22
4
4
6
2
4
4
17
15
2
3
7
9
3
4
3
3
3
4
9
4
2
35
13
2
3
10
18
2
2
115
4
4
17
49
6
5
25
5
5
16
2
8
2
9
6
20
5
4
18
4
3
2
3
17
26
5
3
38
