151930
2866
1370
495
864
898
765
626
656
798
559
569
514
537
1303
660
961
533
629
545
1443
554
742
556
778
590
588
538
863
1298
920
4445
642
638
545
601
1880
1033
829
577
583
550
695
568
628
550
544
539
990
595
547
594
686
560
571
578
609
593
680
652
615
581
889
1514
889
665
683
845
690
1135
624
717
590
630
611
666
1571
626
632
718
863
1233
1218
728
941
1305
842
625
627
1147
656
889
693
958
735
706
647
1420
879
674
988
808
680
832
780
814
2602
3098
2750
1079
775
1028
1135
3737
1547
949
1320
706
800
681
843
1010
921
633
677
2002
709
736
761
704
1038
691
705
686
726
853
750
860
889
1048
977
1606
745
720
752
728
1173
889
834
728
728
740
715
770
1043
1541
1240
1022
733
856
796
857
808
1193
782
803
768
871
753
773
756
780
1208
5318
1709
969
3138
1408
974
776
1004
5066
1978
918
1232
884
1047
1087
8320
1023
1182
6186
882
918
1102
4686
849
1031
867
1024
5520
2704
1875
1485
837
1780
4892
2919
2099
2205
2381
2853
903
965
3272
1904
1324
2139
2039
3193
2686
1784
2706
5358
1214
1174
1052
988
6165
2199
3239
1770
1077
1257
2553
3933
2420
2384
4105
929
1156
938
1022
937
4125
4735
3588
2037
3030
3427
2951
906
2696
3390
1914
877
2104
1846
2294
2900
1917
3490
1020
2636
2274
2536
5454
1794
1055
2105
3462
1777
2087
2312
3989
2192
5628
1962
2007
1259
4076
1944
1918
1967
1060
1253
2356
3265
2131
2098
3001
1924
4057
1923
7448
1777
4271
5726
1885
993
999
958
1956
9293
1869
4443
1628
1283
2574
2163
2476
2569
2929
4953
1806
3482
3174
2490
2092
7458
4431
2980
2099
1756
898
1086
2763
1723
3288
1884
4595
3454
911
6514
4846
996
2673
1770
3037
2535
2254
1871
2186
2324
2349
1927
3779
2185
2061
2229
3889
2589
2474
5462
3165
1773
1058
2641
4601
954
1028
3703
2047
1807
3602
3360
2286
4460
2308
921
4643
5344
1732
2939
4674
1809
2293
936
2357
6390
2365
4396
971
4709
7040
1834
1018
4031
1804
9680
3699
2051
2795
2945
4867
1028
3639
9047
1842
2235
2375
1018
3245
2364
964
1845
3563
2175
1734
1016
2071
2417
2925
10317
1039
2129
1976
992
3491
1985
1864
6539
7036
2483
4969
2042
3116
2121
1761
2071
6405
1962
1028
4299
4306
2585
8406
2241
22647
2215
3582
3974
2471
3741
2920
3207
2753
3782
2297
3126
2231
2786
2090
2015
2017
2378
2201
5956
4231
3042
2136
2123
3059
2260
2903
2562
2663
3913
2246
2122
2666
4501
7374
1892
2728
5788
3196
2604
4578
2443
3058
4286
2132
2004
3951
3690
2309
3363
2809
3510
2976
2868
1967
2522
7803
2205
2826
3342
2787
3129
6488
2362
2343
2722
6134
2467
3828
2184
2718
4418
2865
7759
2464
2104
2004
2233
3391
3115
3223
2583
2570
5028
1973
4721
5750
2780
2412
2267
3423
3638
5550
2884
2960
3644
2852
2790
2015
2030
5997
3787
2235
3545
2014
2406
4460
2750
7915
4270
3475
4096
2607
2713
4004
4943
5328
2978
3609
2027
2223
2614
2121
3068
2510
2237
3899
2407
2163
2649
5573
2492
3264
3457
3511
5842
2422
2892
4488
3662
3119
2378
2930
4107
3432
3586
3380
3734
2570
2821
6133
4539
2569
3097
3989
5047
4200
3618
3584
3995
5505
7606
2447
4321
2761
2840
3575
2482
3802
3947
3390
2255
3099
2654
2169
2976
6519
16566
2283
2867
2436
2327
2433
3657
2922
6816
3588
3434
3766
5307
3475
3909
3982
2524
2790
3363
4392
6529
4617
2666
3173
3496
3517
4050
3307
3414
6095
7346
4931
3644
6616
5249
2330
2959
3886
3525
3234
2721
2938
3410
3515
2354
3332
3903
2930
3217
4022
2404
3847
6358
3406
3623
2378
2865
2618
3574
10767
6607
6223
3336
6193
5767
5550
3643
5030
4600
5360
4069
4279
6194
4320
10291
2735
2942
2529
4989
2714
8935
2535
2630
33964
2866
2872
3554
2957
2783
3529
3111
3132
11322
2710
2559
2454
2364
2675
2257
2426
2477
2624
5460
2494
3271
5326
3035
2327
9417
6683
3657
4174
2174
2630
2235
2437
2313
2283
2625
2152
2351
2256
2879
2157
2252
2179
3439
2282
2818
2626
2946
4560
2684
6816
7004
3168
4897
5662
5224
3044
5852
2378
2434
2741
3065
2385
2356
10051
15524
10406
2551
3517
2432
2380
2696
4361
2243
2925
2587
5642
3252
3276
2565
2612
3222
2581
3139
3885
34520
2584
3962
2656
5942
3327
5251
4608
2743
3004
3639
2733
2269
2629
2693
2320
2523
2327
4556
2442
2403
2539
2476
2321
2503
2956
2885
2397
2482
2547
2415
2529
2421
5682
2451
3543
3078
9803
2435
2540
6477
7234
3703
8698
4019
3835
41842
7618
3444
3121
4467
3687
4114
4353
2707
2650
4296
2822
2936
10906
4048
3363
2661
3309
2606
3912
2542
2567
2641
2704
2725
2714
2641
2785
2934
2627
2767
2715
2793
5575
3538
4737
7080
4758
4337
2991
2544
2781
3136
2668
2824
3893
2583
4365
2692
45783
3782
2667
2994
2647
5005
2732
2587
2556
3070
2941
2750
2779
10846
2559
5237
17417
9942
4273
4367
2892
2833
3926
5100
2730
2647
6506
2803
2722
3123
4130
3075
2966
2916
4469
2786
2821
2926
4480
2819
2641
3448
2893
3245
3306
4193
3894
4788
3858
4113
4490
6654
8396
2815
2952
2949
4780
3426
3314
4823
2857
2904
3047
2903
2811
5411
6983
5629
3830
3891
4529
6819
4406
4565
6681
8374
3212
3269
3888
3091
2950
5961
2718
3178
3512
2813
5265
2809
3009
3046
5894
2794
3075
2823
5181
9762
2817
3299
3244
10492
4471
5045
4780
7030
3788
7936
46977
4725
6501
5029
4364
2891
4104
3712
2993
4794
3029
3047
2947
7364
2888
2832
2983
3926
