3833746581601071666 4123388747946800693 4628923320907807289 4991470817691976256 5353171686177392453 5859551787925458251 6148631008596087378 6365652630933755478 6944090326719814490 7089336938131448160 4422080011358069603 37 139765282262944 1579259743 214371387 37 139765282262944 140722192805248 94709787700640 8049 139765282242688 139765282254720 0 0 0 0 0 0 0 0 0 0 0 0 0 0 0 0 0 0 0 0 0 0 0 0 0 0 0 0 0 0 0 0 0 0 0 0 0 0 0 0 0 0 0 0 0 0 0 0 0 0 0 0 0 0 0 0 0 0 0 0 
0
3834028052282815283 4051049674620417589 4484805929496885560 4774449199666183998 5136150063856501571 5714873632632162632 6076573414541316176 6293595032600794452 6582673149464828248 7161676002817433182 0 37 139765282263392 1579259758 815780163 37 139765282263392 140722192805248 94709787700640 7729 139765282242688 139765282254720 0 0 0 0 0 0 0 0 0 0 0 0 0 0 0 0 0 0 0 0 0 0 0 0 0 0 0 0 0 0 0 0 0 0 0 0 0 0 0 0 0 0 0 0 0 0 0 0 0 0 0 0 0 0 0 0 0 0 
0
3833745477777633842 4123107268658345525 4556583148086508089 4991188234563239999 5280550038379448134 5714873645550684745 6076573410246348879 6365935205438936405 6655295896791243354 7016714182181412446 98 37 139765282263712 1579259776 417875957 37 139765282263712 140722192805248 94709787700640 7409 139765282242688 139765282254720 0 0 0 0 0 0 0 0 0 0 0 0 0 0 0 0 0 0 0 0 0 0 0 0 0 0 0 0 0 0 0 0 0 0 0 0 0 0 0 0 0 0 0 0 0 0 0 0 0 0 0 0 0 0 0 0 0 0 0 
3834029156089344562 3906369333256140341 4195728920785008952 4701827551851264826 5280830409532720193 5642533481353071434 6004233237425049422 6221254859762783572 6510331868491503447 6799693667962149722 104863226551902 37 139765282264032 1579259785 718071226 37 139765282264032 140722192805248 94709787700640 7217 139765282242688 139765282254720 0 0 0 0 0 0 0 0 0 0 0 0 0 0 0 0 0 0 0 0 0 0 0 0 0 0 0 0 0 0 0 0 0 0 0 0 0 0 0 0 0 0 0 0 0 0 0 0 0 0 0 0 0 0 0 0 0 0 0 0 0 0 0 0 
0
4050484521298309682 4412750538810800697 4846791567215705661 4991189347027141700 5352890206905648966 5497852031870388810 5859269213437119564 6148632108124492369 6438274278748476757 6727634965805816153 7088771780514373213 25186 0 37 139765282264224 1579259823 721694959 37 139765282264224 140722192805248 94709787700640 6497 139765282242688 139765282254720 0 0 0 0 0 0 0 0 0 0 0 0 0 0 0 0 0 0 0 0 0 0 0 0 0 0 0 0 0 0 0 0 0 0 0 0 0 0 0 0 0 0 0 0 0 0 0 0 0 0 0 0 0 0 0 0 0 0 0 0 0 0 0 0 0 0 
0
0
25
4050767095820268596 4484808137160538937 4991188243153174334 5280831509044282949 5570193308481374794 6148631008612864334 6582673149464696919 6872031633170258779 27974197391220832 149 0 296352743494 223338299466 317827579981 274877907008 390842023991 386547056711 261993005154 266287972443 231928234036 261993005109 395136991286 287762808915 261993005116 373662154833 390842024032 386547056724 277 0 296352743494 223338299466 317827579981 274877907008 390842023991 386547056711 261993005154 266287972443 231928234036 261993005109 395136991286 287762808915 261993005116 373662154833 390842024032 386547056724 317827579975 300647710782 292057776227 244813135970 261993005144 412316860511 296352743498 236223201372 395136991288 356482285665 335007449178 309237645371 287762808905 395136991305 352187318335 330712481882 533 0 296352743494 223338299466 317827579981 274877907008 390842023991 386547056711 261993005154 266287972443 
217
3761406408779772466 4050767100115301428 4412466860499024184 4557429784975392061 4846789372487417663 5136151167663162435 5352890211217393479 5642250898258021194 5931894172705443663 6293593933072257874 6655295901086210904 7089053251196116573 0 37 139765282265424 1579259871 223933740 37 139765282265424 140722192805248 94709787700640 4689 139765282242688 139765282254720 0 0 0 0 0 0 0 0 0 0 0 0 0 0 0 0 0 0 0 0 0 0 0 0 0 0 0 0 0 0 0 0 0 0 0 0 0 0 0 0 0 0 0 0 0 0 0 0 0 0 0 0 0 0 0 0 0 0 0 0 0 0 0 0 0 0 0 0 0 0 0 0 
4267784307159151923 4702111230129421628 5208209861229494849 5642250902519171144 6148913583101203025 6727352387005667159 7161673799499210333 37 139765282266752 1579259879 924018023 37 139765282266752 140722192805248 94709787700640 4529 139765282242688 139765282254720 0 0 0 0 0 0 0 0 0 0 0 0 0 0 0 0 0 0 0 0 0 0 0 0 0 0 0 0 0 0 0 0 0 0 0 0 0 0 
201
4557141682729268018 4774168824201101375 5063812098648523586 5570192191756191559 6003950662936711247 7016430499557692756 426869219937 37 139765282266912 1579259909 825854856 37 139765282266912 140722192805248 94709787700640 3985 139765282242688 139765282254720 0 0 0 0 0 0 0 0 0 0 0 0 0 0 0 0 0 0 0 0 0 0 0 0 0 0 0 0 0 0 0 0 0 0 0 
3978425819141976626 4629484067509319992 4991188238874984512 5570192196084647494 6148629904789426255 6799409985338496854 7016995661453155934 37 139765282267456 1579259917 226593627 37 139765282267456 140722192805248 94709787700640 597 0 0 0 0 0 0 0 0 0 0 0 0 0 0 0 0 0 0 0 0 0 0 0 0 0 0 0 0 0 0 0 0 0 0 0 0 0 0 0 0 
3833746581617849138 4484242975248496950 4991188234580082494 5208491340518016581 5714589967255751242 5931894172722221136 6365370047838573395 6799691456020306264 7161677106624094047 117 3761406408779772466 4050767100115301428 4412466860499024184 4557429784975392061 4846789372487417663 5136151167663162435 5352890211217393479 5642250898258021194 5931894172705443663 6293593933072257874 6655295901086210904 7089053251196116573 0 37 139765282265424 1579259871 223933740 37 139765282265424 140722192805248 94709787700640 37 2 56 139765282266784 69 4267784307159151923 4702111230129421628 5208209861229494849 5642250902519171144 6148913583101203025 6727352387005667159 7161673799499210333 37 139765282266752 1579259879 924018023 37 139765282266752 140722192805248 94709787700640 37 2 53 139765282267328 37 139765282242560 1 139765282266976 37 139765282242644 139765282242688 0 37 139765282266944 1579259888 525389064 37 139765282266944 140722192805248 94709787700640 37 
3689348814741844530 3978425819158754099 4195730024608381240 4629771057325030459 4991189347010232897 5280830409532720710 5497852031870388809 5931329015121923661 6076574518381597266 6510049293986322005 6799692564138711642 7089053255507861342 25443 0 128 37 139765282242562 56 139765282267488 37 139765282267840 1579259945 429133622 37 139765282267840 140722192805248 94709787700640 3137 139765282242688 139765282254720 0 0 0 0 0 0 0 0 0 0 0 0 0 0 0 0 0 0 0 0 0 0 0 0 0 0 0 0 0 0 0 0 0 0 0 0 0 0 0 0 0 0 0 0 0 0 0 0 0 0 0 0 0 0 0 0 0 0 0 0 0 0 0 0 0 0 0 0 
3834028056577782322 3978708402270713141 4340409266427476280 4774168819872448062 4919131748677403459 5280267459562456645 5570192200379812425 6004232137896578637 6148913587413078867 6727352391267014230 7016713082669850206 1667457890 0 37 139765282268304 1579259954 729204571 37 139765282268304 140722192805248 94709787700640 2929 139765282242688 139765282254720 0 0 0 0 0 0 0 0 0 0 0 0 0 0 0 0 0 0 0 0 0 0 0 0 0 0 0 0 0 0 0 0 0 0 0 0 0 0 0 0 0 0 0 0 0 0 0 0 0 0 0 0 0 0 0 0 0 0 0 0 0 0 0 0 0 0 0 0 
0
3833746581584228914 4339845208338740789 4774168828496068156 5135587109591270210 5425512958543873863 5859553995555425356 6221253760251024210 6655012214150747990 7089053255491018077 25443 0 37 139765282268512 1579259970 830193070 37 139765282268512 140722192805248 94709787700640 2609 139765282242688 139765282254720 0 0 0 0 0 0 0 0 0 0 0 0 0 0 0 0 0 0 0 0 0 0 0 0 0 0 0 0 0 0 0 0 0 0 0 0 0 0 0 0 0 0 0 0 0 0 0 0 0 0 0 0 
3978426922982126130 4340127782860830776 4557430884486954301 4918848070365626687 5135869692703228996 5569910721074448456 5786931243934174797 6076574505463009360 6293593933089166676 6727352387005733208 6944374013638368605 7161677110952616032 99 37 139765282268832 1579259982 431626389 37 139765282268832 140722192805248 94709787700640 597 0 0 0 0 0 0 0 0 0 0 0 0 0 0 0 0 0 0 0 0 0 0 0 0 0 0 0 0 0 0 0 0 0 0 0 0 0 0 0 0 0 0 0 0 0 0 0 0 0 0 0 0 0 0 0 0 0 0 0 0 0 0 0 0 0 0 0 0 0 0 0 0 0 37 139765282242562 
3833745477777633842 4556865731147937846 4846791580117450815 5135868588879791172 5353172785705863240 5642250893946211146 6076572310734589775 6293595036895761749 6655013317974251865 7016713082669850204 6447713 37 139765282269168 1579259998 832387790 37 139765282269168 140722192805248 94709787700640 273 139765282242688 139765282254720 0 0 0 0 0 0 0 0 0 0 0 0 0 0 0 0 0 0 0 0 0 0 0 0 0 0 0 0 0 0 272 36 139765282242562 97 139765282268992 1649 139765282243840 139765282243840 139765282269776 139765282269776 139765282242688 139765282269152 0 0 0 0 0 0 0 0 0 0 0 0 0 0 0 0 0 0 0 
0
3906086754439148595 4267786510511060790 4557148305686871356 4918848070365560895 5280550038362604869 5425230384055601737 5642533481353137483 6004232137896644431 6293029879295530068 6799692559810058071 7089053251196116830 426869220194 112 37 139765282242562 97 139765282268992 37 139765282269488 1579260015 533052096 37 139765282269488 140722192805248 94709787700640 1585 139765282242688 139765282254720 0 0 0 0 0 0 0 0 0 0 0 0 0 0 0 0 0 0 0 0 0 0 0 0 0 0 0 0 0 0 0 0 0 0 0 0 0 0 0 0 0 0 0 0 0 0 0 0 0 0 0 0 0 0 0 0 0 0 0 0 0 0 0 0 0 
117
4123387644106388018 4340410365955947065 4629769957813468477 4846791580151071297 5352890211217393219 5642250898241178442 5859553999884144462 6148632112419525201 6365934105927243349 6799693667962083929 27975296902783071 37 139765282269856 1579260035 735971411 37 139765282269856 140722192805248 94709787700640 1137 139765282242688 139765282254720 0 0 0 0 0 0 0 0 0 0 0 0 0 0 0 0 0 0 0 0 0 0 0 0 0 0 0 0 0 0 0 0 0 0 0 0 0 0 0 0 0 0 0 0 0 0 0 0 0 0 0 0 0 0 0 0 0 0 0 0 0 0 0 0 0 
249
41
3978709493158785843 4412750538810866490 4702110126322892093 5063528416008094273 5497852023229925190 5931609381963386189 6582954611506041938 27975296886005085 266287972428 133 3689348814741844530 3978425819158754099 4195730024608381240 4629771057325030459 4991189347010232897 5280830409532720710 5497852031870388809 5931329015121923661 6076574518381597266 6510049293986322005 6799692564138711642 7089053255507861342 25443 0 128 37 139765282242562 56 139765282267488 37 139765282267840 1579259945 429133622 37 139765282267840 140722192805248 94709787700640 37 2 92 139765282268336 117 3834028056577782322 3978708402270713141 4340409266427476280 4774168819872448062 4919131748677403459 5280267459562456645 5570192200379812425 6004232137896578637 6148913587413078867 6727352391267014230 7016713082669850206 1667457890 0 37 139765282268304 1579259954 729204571 37 139765282268304 140722192805248 94709787700640 
169
3833746581601006130 4412465756658742838 4846791571510607422 5063812094353556548 5353171681865582407 5569909625908317003 5859271416755408462 6076573414558159185 6437992799476864340 6872315307170225241 7161394527840788576 21170341440413795 0 37 139765282272896 1579260103 39078678 37 139765282272896 140722192805248 94709787700640 8033 139765282242688 139765282254720 0 0 0 0 0 0 0 0 0 0 0 0 0 0 0 0 0 0 0 0 0 0 0 0 0 0 0 0 0 0 0 0 0 0 0 0 0 0 0 0 0 0 0 0 0 0 0 0 0 0 0 0 0 0 0 0 0 0 0 0 0 0 0 0 0 
4195164866974397492 4918844745943038778 5135868588863013956 5497852027558512711 6076573405934407245 6438273174925104469 7016714182130948697 257704485217 292057776187 96401 4988364521112338952 5139816879368783428 6653861995667282273 6942943372480435799 4201378314776830520 6436876833796350267 5136993402310966092 3764786445652739152 52 0 0 0 0 0 0 0 0 0 0 0 0 0 0 0 0 0 0 0 0 0 0 0 0 0 0 0 0 0 0 0 0 0 0 0 0 0 0 0 0 
