1055042 0 
2058620 0 
3059283 0 
4060047 0 
5060633 0 
6061431 0 
7063034 0 
8063919 0 
9065116 0 
10066513 0 
11067358 0 
12068044 0 
13068633 0 
14070055 0 
15070691 0 
16071334 0 
17072115 0 
18073465 0 
19074198 0 
20075114 0 
21075558 0 
22076233 0 
23076946 0 
24077816 0 
25078788 0 
26079742 0 
27080318 0 
28096759 1 
29097415 0 
30098801 0 
31100014 0 
32101082 0 
33117603 1 
34118864 0 
35119734 0 
36120440 0 
37121317 0 
38141271 1 
39144771 1 
40154320 1 
41160244 2 
43392464 1 
44425395 2 
48574337 1 
49575731 1 
50576230 0 
51577294 0 
52578477 0 
53579313 0 
54579837 0 
55580557 0 
56581026 0 
57581839 0 
58582393 0 
59583151 0 
60583593 0 
61584627 0 
62586233 0 
63587812 0 
64588614 0 
65589216 0 
66590419 0 
67591287 0 
68591939 0 
69592911 0 
70593468 0 
71593948 0 
72594685 0 
73595619 0 
74596554 0 
75597638 0 
76610002 1 
77632642 1 
78646181 1 
79652385 1 
80655416 1 
81666621 1 
82695087 1 
83712844 1 
84716794 1 
85727052 1 
86739934 1 
87775541 1 
88776068 0 
89776561 0 
90777072 0 
91779020 0 
92780676 0 
93781255 0 
94782500 0 
95783288 0 
96784019 0 
97785534 0 
98786889 0 
99795490 1 
100798194 1 
101798832 0 
102799571 0 
103800522 0 
104801168 0 
105801762 0 
106802595 0 
107803685 0 
108805048 0 
109805854 0 
110807107 0 
