2055
556
257
359
437
473
287
2767
304
334
380
286
272
292
245
257
388
311
303
931
321
250
294
301
277
1066
271
256
667
753
427
354
466
306
310
328
308
323
271
312
306
3367
343
385
383
329
352
365
370
341
4440
309
335
412
310
351
523
359
440
381
469
345
524
466
364
347
329
526
400
407
345
365
393
496
400
389
405
415
1484
386
406
598
454
403
766
616
402
364
423
735
373
402
398
461
460
582
387
969
665
2501
487
495
418
685
529
736
1070
929
687
599
2545
605
510
547
525
702
443
430
345
431
440
516
345
355
460
505
350
1910
424
1120
1275
364
430
339
339
1240
386
373
395
500
546
719
373
449
460
575
687
974
536
374
439
431
388
423
457
530
499
376
399
494
464
458
403
479
644
890
447
477
474
507
430
1061
687
1309
530
567
864
858
666
492
461
1266
841
602
630
558
632
528
3708
483
640
775
576
536
588
5160
616
539
902
604
433
878
613
809
452
936
566
923
839
855
879
994
518
708
1235
698
1204
807
634
1255
1220
721
955
503
646
651
654
644
1333
763
1254
683
797
729
940
5390
809
863
1326
580
721
664
563
657
624
1024
945
624
1114
1235
1269
542
977
963
906
625
910
780
4588
1115
698
4737
705
1063
837
1125
1272
834
711
3731
4354
727
746
839
1634
734
1670
934
552
747
5878
1061
828
673
614
979
608
1333
7990
949
4305
850
7257
865
1759
756
1527
1554
808
654
923
622
754
1223
765
1663
885
982
1177
941
1001
4509
4717
1407
692
4386
540
580
849
905
535
1202
778
739
558
1030
946
625
1303
667
1224
1239
609
1237
1104
666
1363
704
1092
778
630
729
3781
999
972
10314
4560
787
629
944
1346
1112
953
764
5908
641
783
1003
875
716
798
1351
831
680
1331
1236
669
1322
949
686
1303
1746
690
1133
1768
663
1053
640
1099
1362
1077
2023
707
1462
1351
844
781
1430
942
814
959
775
740
1143
1637
733
1317
1232
742
816
1056
741
5419
1029
893
827
5561
1222
759
1020
967
928
905
814
726
1003
924
856
1190
842
832
1837
1580
928
1456
902
1357
863
756
902
772
872
758
1639
1990
1045
1875
870
969
900
1740
1549
1191
4571
4657
1351
948
1325
911
4505
862
1344
915
838
1353
1101
1075
1113
1881
4449
1317
1280
4728
1020
1231
1212
1139
1426
999
936
1138
1387
1770
1069
928
1764
1354
1357
2163
1102
4414
1717
1052
905
944
5613
925
5252
5011
1494
1543
1423
13570
4130
1511
889
4338
5068
1867
4769
1068
4102
1052
1066
1723
1094
1778
1168
5419
1806
1364
1142
882
1055
1428
1094
1933
1252
1810
1213
1085
1665
1186
2083
1530
1110
4943
4327
1795
1338
1117
1403
1646
1900
4189
4282
1136
1159
1172
1804
3706
4055
1104
1340
2122
4820
2178
1717
4235
1277
3172
1211
1825
28864
1811
4278
1221
3481
3310
1206
3919
4290
1825
1003
1533
1649
3834
1471
2225
4112
4479
4055
1624
2376
1194
1426
1881
1680
1499
1986
1393
2088
5061
1269
1895
1777
3590
1397
1331
5674
1114
1048
2427
2603
1153
1966
1078
1077
4472
1728
5544
6116
1259
6301
6158
1296
1884
1933
5129
1696
2376
1388
3289
3989
3973
6105
2140
2498
1807
1836
3560
1973
1497
2219
1517
1782
3750
1925
5223
2077
1453
4466
4545
5100
2226
2194
2055
3836
1704
1722
1943
2298
1996
1559
2106
1697
2389
2294
4582
4820
3933
1936
6506
6229
1520
1505
4790
2036
4119
1429
4682
2164
4040
1983
7031
4842
2304
2367
1849
1963
4142
5110
2103
1932
10857
5809
1488
3853
2435
1694
2194
1535
2814
2690
3160
1703
3643
2143
6173
7431
1702
5281
1594
2045
1900
2195
1807
1854
1552
1762
2047
1875
1953
1727
1703
1671
1906
2074
1209
1255
3591
3469
1310
1113
3506
1053
1205
1750
1162
1223
1473
1167
3169
1584
1441
3318
1415
1070
1367
5977
4134
1112
1269
1466
1319
3392
1130
1301
1196
1199
1230
8223
3853
1410
3718
7394
1235
1243
1308
1527
5945
1611
1231
1174
9136
3479
7007
3073
9886
1192
2717
1235
1365
1357
7836
3762
1442
1605
4744
1271
1616
1239
4086
3727
1769
1450
1738
1256
1190
1344
1309
4203
3625
1326
1219
1346
3621
1683
1230
1679
1237
1527
1152
1133
3511
3905
2578
4356
4075
1966
7162
1571
1106
6011
4624
6874
1233
6540
1499
1474
3717
1275
1383
1342
1275
1477
1932
1318
1760
1673
5530
1480
1564
2333
5655
1468
2940
1608
3497
3655
1580
3579
2183
3398
5574
6426
1547
1452
1498
1596
6953
1756
6407
1762
1603
1487
1680
1450
1530
1485
1601
1407
1547
1637
1537
1522
1670
1598
1496
1484
1502
1461
1647
3836
2008
1513
3394
4851
4381
4335
1935
7085
7496
6920
1886
1460
1767
2145
1547
1667
1542
1604
1736
1764
1584
1555
1661
1851
1767
3815
1734
1635
2079
4062
2883
11639
2965
4150
4091
4272
6048
2024
1571
2039
7651
1655
1938
2127
2019
1599
8485
1575
1872
1647
1857
1680
2015
1822
1722
1770
1686
2877
1739
1725
1865
2428
4276
5738
4572
38936
3836
1759
1657
1817
2251
1756
1818
2194
1702
1888
1772
1829
1970
1839
8189
2568
1913
2116
3447
2660
3476
2169
1965
1946
2443
6882
2145
4481
3535
1837
1868
1801
1819
1997
2180
1868
1662
4053
1895
2030
1812
1782
2077
7947
1793
1778
2060
2170
1847
2060
1815
2266
10040
2239
1827
3550
2273
2354
2514
4530
1977
2354
1985
2404
2029
1979
1937
2452
1888
1920
2128
